18262182675
18036277968
15371801302
18862237860
18962151428
18810604461
18751967250
13438180593
18380213072
18851820580
18222822717
13770528339
18580398218
18769789189
15895886251
13006181626
15201913169
15895889792
15900732956
18751872893
15151876205
15000177075
15150566963
18306207339
13127715968
15211128647
18351601939
15273114125
15751865028
18751900968
15251851037
15618087819
18752684219
13262272287
15150506282
18306206723
18862241892
18862241705
18351085773
15651758570
18862241325
18862236630
18862236711
18862235752
18862248735
13776064880
18862107134
18896937805
18251896078
18252063391
15150107509
15962423800
15921916395
15900513187
15652602665
15850795019
18761938689